100 197.6
103.030303030303 202.98
106.060606060606 202.98
109.090909090909 202.98
112.121212121212 202.98
115.151515151515 206.7
118.181818181818 206.7
121.212121212121 206.7
124.242424242424 206.7
127.272727272727 209.6
130.30303030303 209.6
133.333333333333 209.6
136.363636363636 209.6
139.393939393939 212.53
142.424242424242 212.53
145.454545454545 212.53
148.484848484848 214.71
151.515151515152 214.71
154.545454545455 214.71
157.575757575758 246.47
160.606060606061 243.64
163.636363636364 243.64
166.666666666667 243.64
169.69696969697 243.64
172.727272727273 238.58
175.757575757576 238.58
178.787878787879 238.58
181.818181818182 238.58
184.848484848485 237.67
187.878787878788 237.67
190.909090909091 237.67
193.939393939394 237.67
196.969696969697 243.29
200 243.29
203.030303030303 243.29
206.060606060606 243.29
209.090909090909 257.09
212.121212121212 257.09
215.151515151515 257.09
218.181818181818 257.09
221.212121212121 274.11
224.242424242424 274.11
227.272727272727 274.11
230.30303030303 274.11
233.333333333333 296.52
236.363636363636 296.52
239.393939393939 296.52
242.424242424242 324.42
245.454545454545 324.42
248.484848484848 324.42
251.515151515152 324.42
254.545454545455 348.09
257.575757575758 348.09
260.606060606061 348.09
263.636363636364 348.09
266.666666666667 375.72
269.69696969697 375.72
272.727272727273 375.72
275.757575757576 375.72
278.787878787879 405.34
281.818181818182 405.34
284.848484848485 405.34
287.878787878788 405.34
290.909090909091 440.42
293.939393939394 440.42
296.969696969697 440.42
300 440.42
303.030303030303 464.57
306.060606060606 464.57
309.090909090909 464.57
312.121212121212 464.57
315.151515151515 475.42
318.181818181818 475.42
321.212121212121 475.42
324.242424242424 487.47
327.272727272727 487.47
330.30303030303 487.47
333.333333333333 487.47
336.363636363636 503.24
339.393939393939 503.24
342.424242424242 503.24
345.454545454545 503.24
348.484848484848 515.52
351.515151515152 515.52
354.545454545455 515.52
357.575757575758 515.52
360.606060606061 525.16
363.636363636364 525.16
366.666666666667 525.16
369.69696969697 525.16
372.727272727273 543.23
375.757575757576 543.23
378.787878787879 543.23
381.818181818182 543.23
384.848484848485 553.81
387.878787878788 553.81
390.909090909091 553.81
393.939393939394 553.81
396.969696969697 566.51
400 566.51
