"","elevation","x","y"
"1",9173.09,-107.8430177,39.1757314
"2",9166.77,-107.84290990202,39.1757734777778
"3",9170.2,-107.84280210404,39.1758155555556
"4",9161.83,-107.842694306061,39.1758576333333
"5",9163.59,-107.842586508081,39.1758997111111
"6",9154.05,-107.842478710101,39.1759417888889
"7",9156.38,-107.842370912121,39.1759838666667
"8",9145.05,-107.842263114141,39.1760259444444
"9",9146.17,-107.842155316162,39.1760680222222
"10",9147.7,-107.842047518182,39.1761101
"11",9138.49,-107.841939720202,39.1761521777778
"12",9139.57,-107.841831922222,39.1761942555556
"13",9130.32,-107.841724124242,39.1762363333333
"14",9133.79,-107.841616326263,39.1762784111111
"15",9124.61,-107.841508528283,39.1763204888889
"16",9125.51,-107.841400730303,39.1763625666667
"17",9123.11,-107.841292932323,39.1764046444444
"18",9128.14,-107.841185134343,39.1764467222222
"19",9120.63,-107.841077336364,39.1764888
"20",9124.29,-107.840969538384,39.1765308777778
"21",9128.53,-107.840861740404,39.1765729555555
"22",9120.59,-107.840753942424,39.1766150333333
"23",9130.81,-107.840646144444,39.1766571111111
"24",9122.23,-107.840538346465,39.1766991888889
"25",9126.18,-107.840430548485,39.1767412666667
"26",9117.39,-107.840322750505,39.1767833444444
"27",9120.93,-107.840214952525,39.1768254222222
"28",9115.52,-107.840107154545,39.1768675
"29",9120.03,-107.839999356566,39.1769095777778
"30",9112.74,-107.839891558586,39.1769516555556
"31",9115.97,-107.839783760606,39.1769937333333
"32",9120.2,-107.839675962626,39.1770358111111
"33",9112.42,-107.839568164646,39.1770778888889
"34",9115.21,-107.839460366667,39.1771199666667
"35",9105.98,-107.839352568687,39.1771620444444
"36",9107.6,-107.839244770707,39.1772041222222
"37",9095.39,-107.839136972727,39.1772462
"38",9094.3,-107.839029174747,39.1772882777778
"39",9080.12,-107.838921376768,39.1773303555556
"40",9078.44,-107.838813578788,39.1773724333333
"41",9058.54,-107.838705780808,39.1774145111111
"42",9046.12,-107.838597982828,39.1774565888889
"43",9040.11,-107.838490184848,39.1774986666667
"44",9022.76,-107.838382386869,39.1775407444444
"45",9021.28,-107.838274588889,39.1775828222222
"46",9012.21,-107.838166790909,39.1776249
"47",9013.48,-107.838058992929,39.1776669777778
"48",9008.37,-107.837951194949,39.1777090555556
"49",9009.6,-107.83784339697,39.1777511333333
"50",8998.56,-107.83773559899,39.1777932111111
"51",8997,-107.83762780101,39.1778352888889
"52",8986.99,-107.83752000303,39.1778773666667
"53",8986.77,-107.837412205051,39.1779194444444
"54",8989.16,-107.837304407071,39.1779615222222
"55",8978.68,-107.837196609091,39.1780036
"56",8979.41,-107.837088811111,39.1780456777778
"57",8970.89,-107.836981013131,39.1780877555556
"58",8971.49,-107.836873215152,39.1781298333333
"59",8963.65,-107.836765417172,39.1781719111111
"60",8975.49,-107.836657619192,39.1782139888889
"61",8968.13,-107.836549821212,39.1782560666667
"62",8969.01,-107.836442023232,39.1782981444444
"63",8955.35,-107.836334225253,39.1783402222222
"64",8949.1,-107.836226427273,39.1783823
"65",8944.16,-107.836118629293,39.1784243777778
"66",8918.81,-107.836010831313,39.1784664555556
"67",8913.05,-107.835903033333,39.1785085333333
"68",8897.9,-107.835795235354,39.1785506111111
"69",8893.76,-107.835687437374,39.1785926888889
"70",8884.19,-107.835579639394,39.1786347666667
"71",8881.13,-107.835471841414,39.1786768444444
"72",8870.58,-107.835364043434,39.1787189222222
"73",8864.36,-107.835256245455,39.178761
"74",8847.27,-107.835148447475,39.1788030777778
"75",8836.99,-107.835040649495,39.1788451555555
"76",8825.31,-107.834932851515,39.1788872333333
"77",8808.52,-107.834825053535,39.1789293111111
"78",8784.52,-107.834717255556,39.1789713888889
"79",8769.63,-107.834609457576,39.1790134666667
"80",8758.34,-107.834501659596,39.1790555444444
"81",8738.46,-107.834393861616,39.1790976222222
"82",8727.69,-107.834286063636,39.1791397
"83",8714.14,-107.834178265657,39.1791817777778
"84",8690.18,-107.834070467677,39.1792238555556
"85",8672.69,-107.833962669697,39.1792659333333
"86",8662.88,-107.833854871717,39.1793080111111
"87",8654.31,-107.833747073737,39.1793500888889
"88",8638.34,-107.833639275758,39.1793921666667
"89",8628.33,-107.833531477778,39.1794342444444
"90",8598.26,-107.833423679798,39.1794763222222
"91",8590.68,-107.833315881818,39.1795184
"92",8572.22,-107.833208083838,39.1795604777778
"93",8563.41,-107.833100285859,39.1796025555556
"94",8551.81,-107.832992487879,39.1796446333333
"95",8545.08,-107.832884689899,39.1796867111111
"96",8534.63,-107.832776891919,39.1797287888889
"97",8536.08,-107.832669093939,39.1797708666667
"98",8536.55,-107.83256129596,39.1798129444444
"99",8530.98,-107.83245349798,39.1798550222222
"100",8530.47,-107.8323457,39.1798971
