100 9173.09
127.272727272727 9166.77
154.545454545455 9170.2
181.818181818182 9161.83
209.090909090909 9163.59
236.363636363636 9154.05
263.636363636364 9156.38
290.909090909091 9145.05
318.181818181818 9146.17
345.454545454545 9147.7
372.727272727273 9138.49
400 9139.57
427.272727272727 9130.32
454.545454545455 9133.79
481.818181818182 9124.61
509.090909090909 9125.51
536.363636363636 9123.11
563.636363636364 9128.14
590.909090909091 9120.63
618.181818181818 9124.29
645.454545454545 9128.53
672.727272727273 9120.59
700 9130.81
727.272727272727 9122.23
754.545454545455 9126.18
781.818181818182 9117.39
809.090909090909 9120.93
836.363636363636 9115.52
863.636363636364 9120.03
890.909090909091 9112.74
918.181818181818 9115.97
945.454545454545 9120.2
972.727272727273 9112.42
1000 9115.21
1027.27272727273 9105.98
1054.54545454545 9107.6
1081.81818181818 9095.39
1109.09090909091 9094.3
1136.36363636364 9080.12
1163.63636363636 9078.44
1190.90909090909 9058.54
1218.18181818182 9046.12
1245.45454545455 9040.11
1272.72727272727 9022.76
1300 9021.28
1327.27272727273 9012.21
1354.54545454545 9013.48
1381.81818181818 9008.37
1409.09090909091 9009.6
1436.36363636364 8998.56
1463.63636363636 8997
1490.90909090909 8986.99
1518.18181818182 8986.77
1545.45454545455 8989.16
1572.72727272727 8978.68
1600 8979.41
1627.27272727273 8970.89
1654.54545454545 8971.49
1681.81818181818 8963.65
1709.09090909091 8975.49
1736.36363636364 8968.13
1763.63636363636 8969.01
1790.90909090909 8955.35
1818.18181818182 8949.1
1845.45454545455 8944.16
1872.72727272727 8918.81
1900 8913.05
1927.27272727273 8897.9
1954.54545454545 8893.76
1981.81818181818 8884.19
2009.09090909091 8881.13
2036.36363636364 8870.58
2063.63636363636 8864.36
2090.90909090909 8847.27
2118.18181818182 8836.99
2145.45454545455 8825.31
2172.72727272727 8808.52
2200 8784.52
2227.27272727273 8769.63
2254.54545454545 8758.34
2281.81818181818 8738.46
2309.09090909091 8727.69
2336.36363636364 8714.14
2363.63636363636 8690.18
2390.90909090909 8672.69
2418.18181818182 8662.88
2445.45454545455 8654.31
2472.72727272727 8638.34
2500 8628.33
2527.27272727273 8598.26
2554.54545454545 8590.68
2581.81818181818 8572.22
2609.09090909091 8563.41
2636.36363636364 8551.81
2663.63636363636 8545.08
2690.90909090909 8534.63
2718.18181818182 8536.08
2745.45454545455 8536.55
2772.72727272727 8530.98
2800 8530.47
